0.001349898
0.001394887
0.001441242
0.001488999
0.001538195
0.00158887
0.001641061
0.00169481
0.001750157
0.001807144
0.001865813
0.001926209
0.001988376
0.002052359
0.002118205
0.002185961
0.002255677
0.0023274
0.002401182
0.002477075
0.00255513
0.002635402
0.002717945
0.002802815
0.002890068
0.002979763
0.003071959
0.003166716
0.003264096
0.00336416
0.003466974
0.003572601
0.003681108
0.003792562
0.003907033
0.004024589
0.004145301
0.004269243
0.004396488
0.004527111
0.004661188
0.004798797
0.004940016
0.005084926
0.005233608
0.005386146
0.005542623
0.005703126
0.005867742
0.006036558
0.006209665
0.006387155
0.006569119
0.006755653
0.006946851
0.007142811
0.007343631
0.007549411
0.007760254
0.00797626
0.008197536
0.008424186
0.008656319
0.008894043
0.009137468
0.009386706
0.00964187
0.009903076
0.010170439
0.010444077
0.01072411
0.011010658
0.011303844
0.011603792
0.011910625
0.012224473
0.012545461
0.012873721
0.013209384
0.013552581
0.013903448
0.014262118
0.014628731
0.015003423
0.015386335
0.015777607
0.016177383
0.016585807
0.017003023
0.017429178
0.017864421
0.0183089
0.018762766
0.019226172
0.01969927
0.020182215
0.020675163
0.02117827
0.021691694
0.022215594
0.022750132
0.023295468
0.023851764
0.024419185
0.024997895
0.02558806
0.026189845
0.026803419
0.02742895
0.028066607
0.02871656
0.02937898
0.030054039
0.030741909
0.031442763
0.032156775
0.032884119
0.033624969
0.034379502
0.035147894
0.035930319
0.036726956
0.03753798
0.03836357
0.039203903
0.040059157
0.040929509
0.041815138
0.042716221
0.043632937
0.044565463
0.045513977
0.046478658
0.047459682
0.048457226
0.049471468
0.050502583
0.051550748
0.052616138
0.053698928
0.054799292
0.055917403
0.057053433
0.058207556
0.059379941
0.060570758
0.061780177
0.063008364
0.064255488
0.065521712
0.066807201
0.068112118
0.069436623
0.070780877
0.072145037
0.07352926
0.0749337
0.07635851
0.077803841
0.079269841
0.080756659
0.082264439
0.083793322
0.085343451
0.086914962
0.088507991
0.090122672
0.091759136
0.093417509
0.095097918
0.096800485
0.098525329
0.100272568
0.102042315
0.103834681
0.105649774
0.107487697
0.109348552
0.111232437
0.113139446
0.11506967
0.117023196
0.119000107
0.121000484
0.123024403
0.125071936
0.127143151
0.129238112
0.131356881
0.133499513
0.135666061
0.137856572
0.14007109
0.142309654
0.1445723
0.146859056
0.14916995
0.151505003
0.15386423
0.156247645
0.158655254
0.16108706
0.163543059
0.166023246
0.168527607
0.171056126
0.17360878
0.176185542
0.17878638
0.181411255
0.184060125
0.186732943
0.189429655
0.192150202
0.194894521
0.197662543
0.200454193
0.203269392
0.206108054
0.208970088
0.211855399
0.214763884
0.217695438
0.220649946
0.223627292
0.226627352
0.229649997
0.232695092
0.235762498
0.238852068
0.241963652
0.245097094
0.24825223
0.251428895
0.254626915
0.257846111
0.2610863
0.264347292
0.267628893
0.270930904
0.274253118
0.277595325
0.280957309
0.284338849
0.287739719
0.291159687
0.294598516
0.298055965
0.301531788
0.305025731
0.308537539
0.312066949
0.315613697
0.319177509
0.32275811
0.32635522
0.329968554
0.333597821
0.337242727
0.340902974
0.344578258
0.348268273
0.351972708
0.355691245
0.359423567
0.363169349
0.366928264
0.370699981
0.374484165
0.378280478
0.382088578
0.385908119
0.389738752
0.393580127
0.397431887
0.401293674
0.405165128
0.409045885
0.412935577
0.416833837
0.420740291
0.424654565
0.428576284
0.432505068
0.436440537
0.440382308
0.444329995
0.448283213
0.452241574
0.456204687
0.460172163
0.464143607
0.468118628
0.47209683
0.476077817
0.480061194
0.484046563
0.488033527
0.492021686
0.496010644
0.5
0.503989356
0.507978314
0.511966473
0.515953437
0.519938806
0.523922183
0.52790317
0.531881372
0.535856393
0.539827837
0.543795313
0.547758426
0.551716787
0.555670005
0.559617692
0.563559463
0.567494932
0.571423716
0.575345435
0.579259709
0.583166163
0.587064423
0.590954115
0.594834872
0.598706326
0.602568113
0.606419873
0.610261248
0.614091881
0.617911422
0.621719522
0.625515835
0.629300019
0.633071736
0.636830651
0.640576433
0.644308755
0.648027292
0.651731727
0.655421742
0.659097026
0.662757273
0.666402179
0.670031446
0.67364478
0.67724189
0.680822491
0.684386303
0.687933051
0.691462461
0.694974269
0.698468212
0.701944035
0.705401484
0.708840313
0.712260281
0.715661151
0.719042691
0.722404675
0.725746882
0.729069096
0.732371107
0.735652708
0.7389137
0.742153889
0.745373085
0.748571105
0.75174777
0.754902906
0.758036348
0.761147932
0.764237502
0.767304908
0.770350003
0.773372648
0.776372708
0.779350054
0.782304562
0.785236116
0.788144601
0.791029912
0.793891946
0.796730608
0.799545807
0.802337457
0.805105479
0.807849798
0.810570345
0.813267057
0.815939875
0.818588745
0.82121362
0.823814458
0.82639122
0.828943874
0.831472393
0.833976754
0.836456941
0.83891294
0.841344746
0.843752355
0.84613577
0.848494997
0.85083005
0.853140944
0.8554277
0.857690346
0.85992891
0.862143428
0.864333939
0.866500487
0.868643119
0.870761888
0.872856849
0.874928064
0.876975597
0.878999516
0.880999893
0.882976804
0.88493033
0.886860554
0.888767563
0.890651448
0.892512303
0.894350226
0.896165319
0.897957685
0.899727432
0.901474671
0.903199515
0.904902082
0.906582491
0.908240864
0.909877328
0.911492009
0.913085038
0.914656549
0.916206678
0.917735561
0.919243341
0.920730159
0.922196159
0.92364149
0.9250663
0.92647074
0.927854963
0.929219123
0.930563377
0.931887882
0.933192799
0.934478288
0.935744512
0.936991636
0.938219823
0.939429242
0.940620059
0.941792444
0.942946567
0.944082597
0.945200708
0.946301072
0.947383862
0.948449252
0.949497417
0.950528532
0.951542774
0.952540318
0.953521342
0.954486023
0.955434537
0.956367063
0.957283779
0.958184862
0.959070491
0.959940843
0.960796097
0.96163643
0.96246202
0.963273044
0.964069681
0.964852106
0.965620498
0.966375031
0.967115881
0.967843225
0.968557237
0.969258091
0.969945961
0.97062102
0.97128344
0.971933393
0.97257105
0.973196581
0.973810155
0.97441194
0.975002105
0.975580815
0.976148236
0.976704532
0.977249868
0.977784406
0.978308306
0.97882173
0.979324837
0.979817785
0.98030073
0.980773828
0.981237234
0.9816911
0.982135579
0.982570822
0.982996977
0.983414193
0.983822617
0.984222393
0.984613665
0.984996577
0.985371269
0.985737882
0.986096552
0.986447419
0.986790616
0.987126279
0.987454539
0.987775527
0.988089375
0.988396208
0.988696156
0.988989342
0.98927589
0.989555923
0.989829561
0.990096924
0.99035813
0.990613294
0.990862532
0.991105957
0.991343681
0.991575814
0.991802464
0.99202374
0.992239746
0.992450589
0.992656369
0.992857189
0.993053149
0.993244347
0.993430881
0.993612845
0.993790335
0.993963442
0.994132258
0.994296874
0.994457377
0.994613854
0.994766392
0.994915074
0.995059984
0.995201203
0.995338812
0.995472889
0.995603512
0.995730757
0.995854699
0.995975411
0.996092967
0.996207438
0.996318892
0.996427399
0.996533026
0.99663584
0.996735904
0.996833284
0.996928041
0.997020237
0.997109932
0.997197185
0.997282055
0.997364598
0.99744487
0.997522925
0.997598818
0.9976726
0.997744323
0.997814039
0.997881795
0.997947641
0.998011624
0.998073791
0.998134187
0.998192856
0.998249843
0.99830519
0.998358939
0.99841113
0.998461805
0.998511001
0.998558758
0.998605113
0.998650102
