125	60
0.10772398	1.836057622
0.108750456	1.806972895
0.108881351	1.762170689
0.103447181	1.757008324
0.095011777	1.796670353
0.088801722	1.787872589
0.083164271	1.780491869
0.078629846	1.735120942
0.07501951	1.722776495
0.074160332	1.678342782
0.07088972	1.585526828
0.068607188	1.502723547
0.064456294	1.466854351
0.053408562	1.464414449
0.053604824	1.485749496
0.0529123	1.473146235
0.051373699	1.462387555
0.05055201	1.437964829
0.047576654	1.383804781
0.04657759	1.303636218
0.046859051	1.279334715
0.046395829	1.206429507
0.055004857	1.171667711
0.052016177	1.156472825
0.048939624	1.137172489
0.264841929	1.093194017
0.21843111	1.048786849
0.203795261	1.01260411
0.182886727	1.011841518
0.164510324	0.985216382
0.153871228	0.96342321
0.1473295	0.934885977
0.143420862	0.911928359
0.14319384	0.897519998
0.141382435	0.866275399
0.140505355	0.809505865
0.132946408	0.796021277
0.128797783	0.78650813
0.133755895	0.7800015
0.139914768	0.797100357
0.140942421	0.799171725
0.14269986	0.805909878
0.142259951	0.809757289
0.143064593	0.822464444
0.143295322	0.83739223
0.14858712	0.831664122
0.114974658	0.822340383
0.120995812	0.846144188
0.128120245	0.861138145
0.133284283	0.84101025
0.139797785	0.840304082
0.147219253	0.838851745
0.153548243	0.828426562
0.16608434	0.856196881
0.178561123	0.87834107
0.191072102	0.902153191
0.204175844	0.891853504
0.219682552	0.927661802
0.227524987	0.898627605
0.232125258	0.934065502
0.239247904	
0.251108172	
0.261081525	
0.274779567	
0.28115347	
0.286424575	
0.28889671	
0.294194996	
0.305689704	
0.311652968	
0.329387594	
0.335562415	
0.346649574	
0.363488865	
0.39509693	
0.436279333	
0.491772259	
0.518087326	
0.535341063
0.559702121
0.587450173
0.62179646
0.648212372
0.682567359
0.723212504
0.761099184
0.799759158
0.848877506
0.890994062
0.926549552
0.967611683
1.009733259
1.069386448
1.117075082
1.187690797
1.240798264
1.277127496
1.283367523
1.349269028
1.509972753
1.644006438
1.824332039
1.966386127
2.179354506
2.329888426
2.526277065
2.776794913
2.928081632
3.035406966
3.14597181
3.233781849
3.356564472
3.459930689
3.611782609
3.748708882
3.860183728
3.995325863
4.25631273
4.438803738
4.567351289
4.614907427
4.742786699
4.987747685
5.186495263
5.394573318